runs_seconds=2.586603,2.192855,1.718442,2.188749,1.582830
average_seconds=2.053896
