runs_seconds=3.955447,1.895462,2.258688,1.528091,1.981726
average_seconds=2.323883
